"Sensor","x1","x2","x3","x4","x5","x6"
"LSE-01",2.287,7.242,5.133,4.565,4.814,3.967
"LSE-02",2.983,6.78,3.993,3.992,3.488,3.67
"LSE-03",2.777,6.425,4.6,4.427,4.71,4.527
"LSE-04",2.014,6.108,4.898,4.566,3.99,3.614
"LSE-05",2.832,7.403,4.767,4.775,4.51,4.45
"LSE-06",2.02,6.504,4.774,5.073,4.002,3.675
"LSE-07",3.2,7.197,4.914,4.72,4.75,3.437
"LSE-08",2.944,7.122,4.675,4.747,4.526,3.978
"LSE-09",2.127,6.56,3.899,4.765,5.232,4.218
"LSE-10",2.98,6.328,4.034,4.543,3.587,3.963
"LSE-11",3.581,6.15,3.896,4.158,4.02,3.75
"LSE-12",2.597,4.905,3.074,3.903,3.568,3.518
"LSE-13",3.646,6.633,3.326,4.307,4.24,4.205
"LSE-14",4.827,7.297,5.67,5.073,4.338,3.745
"LSE-15",2.394,6.566,4.277,4.468,3.13,3.35
"LSE-16",3.636,5.997,3.955,3.428,3.85,4.008
"LSE-17",4.694,7.052,4.551,4.85,4.5,4.233
"LSE-18",2.28,7.445,6.435,4.723,5.286,4.354
"LSE-19",4.35,6.394,4.906,5.24,4.43,3.065
"LSE-20",5.021,6.92,5.255,4.278,4.172,4.605
"LSE-21",2.093,6.773,4.863,4.928,4.822,4.274
"LSE-22",4.591,6.392,4.659,5.16,4.852,4.921
"LSE-23",3.418,6.722,4.587,3.962,3.784,4.279
"LSE-24",4.126,7.254,5.542,4.592,4.138,4.716
"LSE-25",3.5,6.717,4.192,4.728,3.022,3.609
"LSE-26",2.956,7.076,4.38,4.043,3.81,3.468
"LSE-27",4.556,6.593,4.225,4.443,4.26,4.578
"LSE-28",4.075,5.703,4.38,3.968,3.828,4.33
"LSE-29",4.063,6.475,4.89,4.963,4.362,4.349
"LSE-30",4.063,6.475,4.89,4.963,4.362,4.349
