"Sensor","1","2","3","4","5","6","7","8","9","10","11"
"LSE-01",2.287,7.242,5.133,4.565,4.814,3.967,4.748,3.627,3.74,11.1,9.174
"LSE-02",2.983,6.78,3.993,3.992,3.488,3.67,3.464,3.197,3.357,8.878,8.364
"LSE-03",2.777,6.425,4.6,4.427,4.71,4.527,4.243,3.64,3.52,10.283,9.964
"LSE-04",2.014,6.108,4.898,4.566,3.99,3.614,4.367,3.607,3.61,11.2,9.525
"LSE-05",2.832,7.403,4.767,4.775,4.51,4.45,4.561,3.595,3.997,10.483,8.034
"LSE-06",2.02,6.504,4.774,5.073,4.002,3.675,3.111,3.488,3.33,11.517,10.42
"LSE-07",3.2,7.197,4.914,4.72,4.75,3.437,4.541,3.66,3.628,10.629,10.7
"LSE-08",2.944,7.122,4.675,4.747,4.526,3.978,3.407,3.401,3.6,11.1,9.374
"LSE-09",2.127,6.56,3.899,4.765,5.232,4.218,3.961,3.197,3.437,11.2,9.468
"LSE-10",2.98,6.328,4.034,4.543,3.587,3.963,2.627,2.35,3.413,9.823,8.903
"LSE-11",3.581,6.15,3.896,4.158,4.02,3.75,3.521,3.1,3.98,10.58,9.98
"LSE-12",2.597,4.905,3.074,3.903,3.568,3.518,3.31,2.493,2.783,8.522,8.06
"LSE-13",3.646,6.633,3.326,4.307,4.24,4.205,3.463,3.347,3.547,11.25,10.2
"LSE-14",4.827,7.297,5.67,5.073,4.338,3.745,2.798,3.488,3.697,10.567,9.604
"LSE-15",2.394,6.566,4.277,4.468,3.13,3.35,2.749,3.077,3.127,10.35,9.846
"LSE-16",3.636,5.997,3.955,3.428,3.85,4.008,3.354,3.266,2.752,10.533,8.454
"LSE-17",4.694,7.052,4.551,4.85,4.5,4.233,4.208,3.588,3.567,10.55,9.306
"LSE-18",2.28,7.445,6.435,4.723,5.286,4.354,5.152,3.447,3.633,10.483,9.9
"LSE-19",4.35,6.394,4.906,5.24,4.43,3.065,3.971,2.947,3.39,11.067,9.394
"LSE-20",5.021,6.92,5.255,4.278,4.172,4.605,4.13,2.851,3.813,9.218,9.777
"LSE-21",2.093,6.773,4.863,4.928,4.822,4.274,3.142,2.685,3.707,10.567,9.074
"LSE-22",4.591,6.392,4.659,5.16,4.852,4.921,3.92,3.887,4.397,11.22,11
"LSE-23",3.418,6.722,4.587,3.962,3.784,4.279,3.518,2.402,3.347,9.598,9.35
"LSE-24",4.126,7.254,5.542,4.592,4.138,4.716,3.836,3.822,4.313,11.133,10.96
"LSE-25",3.5,6.717,4.192,4.728,3.022,3.609,3.71,2.595,2.923,10.717,10.5
"LSE-26",2.956,7.076,4.38,4.043,3.81,3.468,3.38,2.966,2.723,9.688,10.04
"LSE-27",4.556,6.593,4.225,4.443,4.26,4.578,4.501,2.937,3.802,10.867,10.4
"LSE-28",4.075,5.703,4.38,3.968,3.828,4.33,3.86,3.237,2.773,10.717,10.3
"LSE-29",4.063,6.475,4.89,4.963,4.362,4.349,4.587,3.586,4.007,11.533,11
"LSE-30",4.063,6.475,4.89,4.963,4.362,4.349,4.587,3.586,4.007,11.533,11
