"Sensor","z1","z2","z3","z4","z5","z6","z7","z8","z9","z10","z11"
"LSE-01",-1.155,1.104,0.807,0.046,1.083,-0.161,1.437,0.915,0.477,0.701,-0.662
"LSE-02",-0.402,0.256,-0.88,-1.277,-1.306,-0.811,-0.56,-0.091,-0.396,-2.201,-1.616
"LSE-03",-0.625,-0.395,0.018,-0.273,0.896,1.067,0.651,0.946,-0.024,-0.366,0.269
"LSE-04",-1.45,-0.976,0.459,0.048,-0.401,-0.934,0.844,0.868,0.181,0.831,-0.248
"LSE-05",-0.566,1.4,0.265,0.53,0.535,0.898,1.146,0.841,1.061,-0.105,-2.005
"LSE-06",-1.444,-0.25,0.276,1.219,-0.38,-0.8,-1.109,0.591,-0.457,1.245,0.806
"LSE-07",-0.167,1.021,0.482,0.403,0.968,-1.322,1.115,0.993,0.221,0.085,1.136
"LSE-08",-0.444,0.884,0.129,0.465,0.564,-0.135,-0.649,0.388,0.158,0.701,-0.426
"LSE-09",-1.328,-0.147,-1.02,0.507,1.837,0.39,0.213,-0.091,-0.214,0.831,-0.315
"LSE-10",-0.405,-0.572,-0.82,-0.004,-1.126,-0.169,-1.863,-2.072,-0.267,-0.967,-0.981
"LSE-11",0.246,-0.9,-1.024,-0.892,-0.347,-0.636,-0.471,-0.317,1.023,0.021,0.288
"LSE-12",-0.819,-3.185,-2.239,-1.481,-1.162,-1.143,-0.8,-1.737,-1.702,-2.667,-1.975
"LSE-13",0.315,-0.013,-1.867,-0.55,0.049,0.361,-0.562,0.261,0.036,0.897,0.547
"LSE-14",1.594,1.205,1.601,1.219,0.226,-0.647,-1.596,0.591,0.378,0.004,-0.155
"LSE-15",-1.039,-0.136,-0.461,-0.177,-1.951,-1.512,-1.673,-0.372,-0.918,-0.279,0.13
"LSE-16",0.304,-1.181,-0.936,-2.577,-0.654,-0.07,-0.731,0.07,-1.772,-0.039,-1.51
"LSE-17",1.45,0.756,-0.054,0.703,0.517,0.422,0.597,0.825,0.082,-0.018,-0.506
"LSE-18",-1.163,1.477,2.733,0.411,1.933,0.688,2.064,0.494,0.234,-0.105,0.194
"LSE-19",1.077,-0.452,0.47,1.603,0.391,-2.136,0.229,-0.676,-0.32,0.657,-0.403
"LSE-20",1.804,0.513,0.987,-0.615,-0.073,1.237,0.475,-0.899,0.644,-1.757,0.049
"LSE-21",-1.365,0.244,0.407,0.884,1.098,0.513,-1.062,-1.288,0.401,0.004,-0.78
"LSE-22",1.339,-0.456,0.104,1.419,1.152,1.93,0.149,1.523,1.972,0.857,1.49
"LSE-23",0.069,0.15,-0.002,-1.346,-0.772,0.522,-0.476,-1.95,-0.419,-1.261,-0.455
"LSE-24",0.835,1.126,1.411,0.107,-0.135,1.48,0.018,1.371,1.782,0.744,1.443
"LSE-25",0.158,0.142,-0.586,0.422,-2.145,-0.945,-0.178,-1.499,-1.383,0.2,0.901
"LSE-26",-0.431,0.8,-0.308,-1.158,-0.726,-1.253,-0.691,-0.631,-1.839,-1.143,0.359
"LSE-27",1.3,-0.086,-0.537,-0.235,0.085,1.179,1.053,-0.698,0.619,0.396,0.783
"LSE-28",0.78,-1.721,-0.308,-1.331,-0.694,0.635,0.055,0.003,-1.725,0.2,0.665
"LSE-29",0.767,-0.303,0.447,0.965,0.269,0.676,1.186,0.82,1.084,1.267,1.49
"LSE-30",0.767,-0.303,0.447,0.965,0.269,0.676,1.186,0.82,1.084,1.267,1.49
